Dataset: sub24_0_CSD
  data (shape: (30, 121001)):
[[-33.437073   -34.225525   -34.85254    -35.30298    -35.549805
  -35.572998   -35.350586   -34.86328    -34.105957   -33.07788   ]
 [ 27.450897    20.819763    13.105103     4.883911    -3.2185059
  -10.600098   -16.735596   -21.20166    -23.731445   -24.232666  ]
 [-15.1180725  -13.078674    -9.977539    -6.1151123   -1.845581
    2.4394531    6.3618164    9.578369    11.793945    12.825928  ]
 [ -8.338104    -5.6760864   -3.0236816   -0.50219727   1.7767334
    3.7109375    5.2268066    6.277832     6.8427734    6.945801  ]
 [ 37.99167     37.580566    36.40619     34.550903    32.140137
   29.335938    26.321045    23.29663     20.460083    17.993042  ]
 [ 14.816681    14.858032    14.382507    13.33252     11.689209
    9.475342     6.734131     3.5561523    0.05871582  -3.6254883 ]
 [ -4.2895813   -0.08197021   4.973816    10.609192    16.500916
   22.290161    27.59021     32.035767    35.305603    37.130615  ]
 [-18.508682   -18.567993   -18.406555   -18.21289    -18.156982
  -18.383423   -18.97998    -19.995117   -21.431396   -23.230469  ]
 [-13.130402   -10.67276     -8.02301     -5.3010254   -2.6339111
   -0.14416504   2.0700684    3.9312744    5.3858643    6.423584  ]
 [ 30.863297    33.148132    34.592834    35.18744     34.992615
   34.13855     32.80591     31.220215    29.627075    28.26416   ]
 [-11.318565    -8.261475    -5.2141724   -2.4185486   -0.09680176
    1.5695801    2.4335938    2.4180298    1.5151978   -0.22137451]
 [-37.553505   -39.954018   -41.379456   -41.83482    -41.35341
  -40.00891    -37.92375    -35.23092    -32.08335    -28.656418  ]
 [-23.11139    -24.407257   -25.556244   -26.611267   -27.619263
  -28.611511   -29.582153   -30.52002    -31.405457   -32.200684  ]
 [-18.315186   -17.298935   -16.257263   -15.236206   -14.287598
  -13.454773   -12.765991   -12.24353    -11.887878   -11.682251  ]
 [ -2.2005892   -1.6161633   -1.502182    -1.8258171   -2.522293
   -3.4856033   -4.5944824   -5.7078323   -6.681175    -7.3883057 ]
 [-14.170601   -11.66774     -8.1813965   -3.9226074    0.832489
    5.7744446   10.548523    14.804443    18.230957    20.544739  ]
 [-20.176239   -28.936493   -36.74951    -43.39737    -48.717834
  -52.61548    -55.088318   -56.1886     -56.01776    -54.740234  ]
 [ -1.4018946   -3.0883865   -4.306198    -4.9345818   -4.901993
   -4.1915894   -2.8151093   -0.8512802    1.5726547    4.3009796 ]
 [-17.617046   -17.900085   -17.954407   -17.807617   -17.52713
  -17.199432   -16.913055   -16.771149   -16.85614    -17.227997  ]
 [-19.370758   -20.798157   -22.076538   -23.19336    -24.157776
  -24.975952   -25.661255   -26.231445   -26.693726   -27.0578    ]
 [  0.46116638   1.5322876    3.52594      6.3272705    9.736694
   13.503174    17.305908    20.810913    23.690918    25.634766  ]
 [ 20.991684    17.85022     15.012817    12.494873    10.276489
    8.319824     6.5372314    4.8406982    3.1469727    1.3594971 ]
 [ 28.283295    26.569336    24.929993    23.607483    22.796936
   22.639587    23.237366    24.614319    26.715637    29.430176  ]
 [  3.215866     1.0390015   -0.79455566  -2.2080078   -3.170288
   -3.6820068   -3.7681885   -3.4960938   -2.954834    -2.2530518 ]
 [-35.475494   -37.441162   -38.748535   -39.436646   -39.58789
  -39.281006   -38.602295   -37.641235   -36.474365   -35.174683  ]
 [  0.48672485  -1.2010498   -2.6760254   -3.871338    -4.7474365
   -5.273926    -5.461426    -5.341797    -4.95874     -4.3950195 ]
 [ 19.40866     22.785828    25.559448    27.541626    28.592651
   28.641846    27.66211     25.69873     22.872803    19.33545   ]
 [ 28.118744    25.279663    21.21167     16.23523     10.704468
    5.0097656   -0.46704102  -5.3771973   -9.42749    -12.409668  ]
 [ -6.332672    -6.6625977   -6.9831543   -7.3619385   -7.8728027
   -8.573975    -9.505127   -10.693848   -12.124756   -13.767578  ]
 [-19.990082   -19.728516   -19.209473   -18.594238   -18.041992
  -17.677246   -17.59497    -17.855225   -18.462158   -19.379883  ]]
  times (shape: (1, 121001)):
[[     0      1      2 ... 120998 120999 121000]]
  chanlocs (number of channels: 1):
[[array(['FP1'], dtype='<U3') array(['FP2'], dtype='<U3')
  array(['F7'], dtype='<U2') array(['F3'], dtype='<U2')
  array(['FZ'], dtype='<U2') array(['F4'], dtype='<U2')
  array(['F8'], dtype='<U2') array(['FT7'], dtype='<U3')
  array(['FC3'], dtype='<U3') array(['FCZ'], dtype='<U3')
  array(['FC4'], dtype='<U3') array(['FT8'], dtype='<U3')
  array(['T3'], dtype='<U2') array(['C3'], dtype='<U2')
  array(['CZ'], dtype='<U2') array(['C4'], dtype='<U2')
  array(['T4'], dtype='<U2') array(['TP7'], dtype='<U3')
  array(['CP3'], dtype='<U3') array(['CPZ'], dtype='<U3')
  array(['CP4'], dtype='<U3') array(['TP8'], dtype='<U3')
  array(['T5'], dtype='<U2') array(['P3'], dtype='<U2')
  array(['PZ'], dtype='<U2') array(['P4'], dtype='<U2')
  array(['T6'], dtype='<U2') array(['O1'], dtype='<U2')
  array(['OZ'], dtype='<U2') array(['O2'], dtype='<U2')]]
  srate: [[1000]]
  events:
[(array(['boundary'], dtype='<U8'), array([[0.5]]), array([[195000]], dtype=int32))]


Dataset: sub25_0_CSD
  data (shape: (30, 120001)):
[[-1.4076428e+02 -8.6812897e+01 -2.7049377e+01  3.3519043e+01
   8.9692841e+01  1.3647598e+02  1.6950113e+02  1.8540295e+02
   1.8206787e+02  1.5880139e+02]
 [-9.5570465e+01 -1.3839700e+02 -1.8147363e+02 -2.2084970e+02
  -2.5271591e+02 -2.7370898e+02 -2.8116153e+02 -2.7332776e+02
  -2.4955052e+02 -2.1039578e+02]
 [ 2.0060719e+02  1.7753104e+02  1.4903430e+02  1.1734354e+02
   8.4972076e+01  5.4470947e+01  2.8254242e+01  8.4141846e+00
  -3.4485931e+00 -6.3413391e+00]
 [ 1.4416501e+02  1.2197565e+02  9.3609528e+01  6.1193420e+01
   2.7192688e+01 -5.8149719e+00 -3.5307404e+01 -5.8966705e+01
  -7.4848312e+01 -8.1557159e+01]
 [ 8.1236053e+01  7.2940979e+01  6.0414368e+01  4.4531342e+01
   2.6404694e+01  7.3178406e+00 -1.1382874e+01 -2.8354202e+01
  -4.2359421e+01 -5.2405457e+01]
 [ 1.3847232e+02  1.2829324e+02  1.1194850e+02  9.0373245e+01
   6.4870880e+01  3.7013031e+01  8.5763702e+00 -1.8579300e+01
  -4.2620667e+01 -6.1927353e+01]
 [ 1.1773888e+02  1.1062460e+02  9.7851624e+01  7.9726227e+01
   5.6917755e+01  3.0417786e+01  1.5229187e+00 -2.8268707e+01
  -5.7274483e+01 -8.3795372e+01]
 [ 1.7712688e+02  1.3218571e+02  8.2620392e+01  3.1995789e+01
  -1.5889679e+01 -5.7330841e+01 -8.8985184e+01 -1.0803836e+02
  -1.1247452e+02 -1.0118704e+02]
 [ 4.7917099e+01  3.7222198e+01  2.5317322e+01  1.3223907e+01
   2.0260925e+00 -7.2593689e+00 -1.3755737e+01 -1.6750977e+01
  -1.5808746e+01 -1.0761559e+01]
 [-1.7128922e+01 -1.5868210e+01 -1.4729401e+01 -1.3786377e+01
  -1.3107193e+01 -1.2748367e+01 -1.2764709e+01 -1.3183868e+01
  -1.4025398e+01 -1.5317604e+01]
 [ 2.7359268e+01  3.1724617e+01  3.4946266e+01  3.6654129e+01
   3.6561737e+01  3.4490494e+01  3.0421280e+01  2.4478256e+01
   1.6963028e+01  8.2726440e+00]
 [ 2.0685780e+02  2.1473528e+02  2.1899329e+02  2.1915378e+02
   2.1497015e+02  2.0644565e+02  1.9388522e+02  1.7787903e+02
   1.5930334e+02  1.3921130e+02]
 [ 8.7260826e+01  6.1512024e+01  3.2727013e+01  2.8334351e+00
  -2.6046082e+01 -5.1777313e+01 -7.2346832e+01 -8.5948486e+01
  -9.1190971e+01 -8.7111946e+01]
 [-4.2601921e+01 -3.3420959e+01 -2.2019409e+01 -9.1688461e+00
   4.2385178e+00  1.7262924e+01  2.8969650e+01  3.8503403e+01
   4.5153580e+01  4.8401443e+01]
 [-1.9545675e+01 -1.5829486e+01 -1.1635381e+01 -7.2018375e+00
  -2.8069201e+00  1.2753429e+00  4.7648840e+00  7.4176149e+00
   9.0251694e+00  9.4206009e+00]
 [-5.0242378e+01 -4.9932346e+01 -4.8539154e+01 -4.6153023e+01
  -4.2941917e+01 -3.9100533e+01 -3.4846649e+01 -3.0434921e+01
  -2.6093273e+01 -2.2060127e+01]
 [ 1.3519562e+02  1.2983978e+02  1.2356575e+02  1.1696619e+02
   1.1066054e+02  1.0523302e+02  1.0119766e+02  9.8983559e+01
   9.8910728e+01  1.0108287e+02]
 [ 3.9554878e+01  3.6347260e+01  3.0786533e+01  2.3247953e+01
   1.4279597e+01  4.6079388e+00 -4.9731760e+00 -1.3614253e+01
  -2.0512817e+01 -2.4914497e+01]
 [-3.6438152e+01 -3.2155521e+01 -2.6471798e+01 -1.9874855e+01
  -1.2921925e+01 -6.1756287e+00 -2.0925903e-01  4.4877205e+00
   7.4897118e+00  8.5243587e+00]
 [ 1.5140167e+01  1.6987671e+01  1.8497528e+01  1.9655716e+01
   2.0455673e+01  2.0928925e+01  2.1108932e+01  2.1042450e+01
   2.0780975e+01  2.0370094e+01]
 [-3.4670044e+01 -3.6920471e+01 -3.9013336e+01 -4.0880066e+01
  -4.2468964e+01 -4.3715103e+01 -4.4550537e+01 -4.4931656e+01
  -4.4813324e+01 -4.4165634e+01]
 [ 3.9299820e+01  3.0074234e+01  2.0298828e+01  1.0813995e+01
   2.4116516e+00 -4.2180481e+00 -8.5020599e+00 -1.0067947e+01
  -8.7350159e+00 -4.5662537e+00]
 [ 2.0295753e+01  1.5623634e+01  9.5154266e+00  2.3156433e+00
  -5.5234528e+00 -1.3464584e+01 -2.0989594e+01 -2.7556267e+01
  -3.2736504e+01 -3.6129116e+01]
 [ 2.4320526e+00 -6.0042725e+00 -1.3600037e+01 -1.9930145e+01
  -2.4638245e+01 -2.7441971e+01 -2.8200607e+01 -2.6870804e+01
  -2.3559265e+01 -1.8462814e+01]
 [ 1.7933304e+01  1.8334290e+01  1.8967896e+01  1.9960205e+01
   2.1388184e+01  2.3324615e+01  2.5784088e+01  2.8729904e+01
   3.2073135e+01  3.5697144e+01]
 [ 1.0139587e+01  1.1058136e+01  1.1717072e+01  1.2003876e+01
   1.1818390e+01  1.1135712e+01  9.9711914e+00  8.3955383e+00
   6.5266113e+00  4.5384827e+00]
 [ 1.4065704e+01  1.0646057e+01  6.0678406e+00  7.2406006e-01
  -4.9783936e+00 -1.0589294e+01 -1.5654785e+01 -1.9783112e+01
  -2.2620377e+01 -2.3918152e+01]
 [ 5.5917389e+01  5.0500244e+01  4.4417999e+01  3.7966248e+01
   3.1451904e+01  2.5197815e+01  1.9507080e+01  1.4634003e+01
   1.0790512e+01  8.1598511e+00]
 [ 5.5930176e+01  5.2160614e+01  4.7452850e+01  4.2137299e+01
   3.6590302e+01  3.1229279e+01  2.6467896e+01  2.2691040e+01
   2.0233734e+01  1.9381760e+01]
 [ 4.3064636e+01  4.1504120e+01  3.8814209e+01  3.5235779e+01
   3.1074585e+01  2.6716187e+01  2.2585663e+01  1.9109741e+01
   1.6700897e+01  1.5737778e+01]]
  times (shape: (1, 120001)):
[[     0      1      2 ... 119998 119999 120000]]
  chanlocs (number of channels: 1):
[[array(['FP1'], dtype='<U3') array(['FP2'], dtype='<U3')
  array(['F7'], dtype='<U2') array(['F3'], dtype='<U2')
  array(['FZ'], dtype='<U2') array(['F4'], dtype='<U2')
  array(['F8'], dtype='<U2') array(['FT7'], dtype='<U3')
  array(['FC3'], dtype='<U3') array(['FCZ'], dtype='<U3')
  array(['FC4'], dtype='<U3') array(['FT8'], dtype='<U3')
  array(['T3'], dtype='<U2') array(['C3'], dtype='<U2')
  array(['CZ'], dtype='<U2') array(['C4'], dtype='<U2')
  array(['T4'], dtype='<U2') array(['TP7'], dtype='<U3')
  array(['CP3'], dtype='<U3') array(['CPZ'], dtype='<U3')
  array(['CP4'], dtype='<U3') array(['TP8'], dtype='<U3')
  array(['T5'], dtype='<U2') array(['P3'], dtype='<U2')
  array(['PZ'], dtype='<U2') array(['P4'], dtype='<U2')
  array(['T6'], dtype='<U2') array(['O1'], dtype='<U2')
  array(['OZ'], dtype='<U2') array(['O2'], dtype='<U2')]]
  srate: [[1000]]
  events:
[(array(['boundary'], dtype='<U8'), array([[0.5]]), array([[131000]], dtype=int32))]
